====================
Cycle: 1 	 B
registers:
r00:	0	0	0	0	0	0	0	0	
r08:	0	0	0	0	0	0	0	0	
r16:	0	0	0	0	0	0	0	0	
r24:	0	0	0	0	0	0	0	0	

data:
0	0	0	0	0	0	0	0	
====================
Cycle: 2 	 CBZ
registers:
r00:	0	0	0	0	0	0	0	0	
r08:	0	0	0	0	0	0	0	0	
r16:	0	0	0	0	0	0	0	0	
r24:	0	0	0	0	0	0	0	0	

data:
0	0	0	0	0	0	0	0	
====================
Cycle: 3 	 CBNZ
registers:
r00:	0	0	0	0	0	0	0	0	
r08:	0	0	0	0	0	0	0	0	
r16:	0	0	0	0	0	0	0	0	
r24:	0	0	0	0	0	0	0	0	

data:
0	0	0	0	0	0	0	0	
====================
Cycle: 4 	 ADD
registers:
r00:	0	0	0	0	0	0	0	0	
r08:	0	0	0	0	0	0	0	0	
r16:	0	0	0	0	0	0	0	0	
r24:	0	0	0	0	0	0	0	0	

data:
0	0	0	0	0	0	0	0	
====================
Cycle: 5 	 SUB
registers:
r00:	0	0	0	0	0	0	0	0	
r08:	0	0	0	0	0	0	0	0	
r16:	0	0	0	0	0	0	0	0	
r24:	0	0	0	0	0	0	0	0	

data:
0	0	0	0	0	0	0	0	
====================
Cycle: 6 	 ADDI
registers:
r00:	0	0	0	0	0	0	0	0	
r08:	0	0	0	0	0	0	0	0	
r16:	0	0	0	0	0	0	0	0	
r24:	0	0	0	0	0	0	0	0	

data:
0	0	0	0	0	0	0	0	
====================
Cycle: 7 	 SUBI
registers:
r00:	0	0	0	0	0	0	0	0	
r08:	0	0	0	0	0	0	0	0	
r16:	0	0	0	0	0	0	0	0	
r24:	0	0	0	0	0	0	0	0	

data:
0	0	0	0	0	0	0	0	
====================
Cycle: 8 	 LDUR
registers:
r00:	0	0	0	0	0	0	0	0	
r08:	0	0	0	0	0	0	0	0	
r16:	0	0	0	0	0	0	0	0	
r24:	0	0	0	0	0	0	0	0	

data:
0	0	0	0	0	0	0	0	
====================
Cycle: 9 	 STUR
registers:
r00:	0	0	0	0	0	0	0	0	
r08:	0	0	0	0	0	0	0	0	
r16:	0	0	0	0	0	0	0	0	
r24:	0	0	0	0	0	0	0	0	

data:
0	0	0	0	0	0	0	0	
====================
Cycle: 10 	 AND
registers:
r00:	0	0	0	0	0	0	0	0	
r08:	0	0	0	0	0	0	0	0	
r16:	0	0	0	0	0	0	0	0	
r24:	0	0	0	0	0	0	0	0	

data:
0	0	0	0	0	0	0	0	
====================
Cycle: 11 	 ORR
registers:
r00:	0	0	0	0	0	0	0	0	
r08:	0	0	0	0	0	0	0	0	
r16:	0	0	0	0	0	0	0	0	
r24:	0	0	0	0	0	0	0	0	

data:
0	0	0	0	0	0	0	0	
====================
Cycle: 12 	 LSR
registers:
r00:	0	0	0	0	0	0	0	0	
r08:	0	0	0	0	0	0	0	0	
r16:	0	0	0	0	0	0	0	0	
r24:	0	0	0	0	0	0	0	0	

data:
0	0	0	0	0	0	0	0	
====================
Cycle: 13 	 LSL
registers:
r00:	0	0	0	0	0	0	0	0	
r08:	0	0	0	0	0	0	0	0	
r16:	0	0	0	0	0	0	0	0	
r24:	0	0	0	0	0	0	0	0	

data:
0	0	0	0	0	0	0	0	
====================
Cycle: 14 	 MOVZ
registers:
r00:	0	0	0	0	0	0	0	0	
r08:	0	0	0	0	0	0	0	0	
r16:	0	0	0	0	0	0	0	0	
r24:	0	0	0	0	0	0	0	0	

data:
0	0	0	0	0	0	0	0	
====================
Cycle: 15 	 MOVK
registers:
r00:	0	0	0	0	0	0	0	0	
r08:	0	0	0	0	0	0	0	0	
r16:	0	0	0	0	0	0	0	0	
r24:	0	0	0	0	0	0	0	0	

data:
0	0	0	0	0	0	0	0	
